0 NAVSTAR 43 (USA 132)
1 24876U 97035A   16162.12490025 -.00000032  00000-0  00000+0 0  9995
2 24876  55.6554 241.7705 0040937 116.1211 244.3618  2.00562778138367
0 NAVSTAR 43 (USA 132)
1 24876U 97035A   16162.62347971 -.00000035  00000-0  00000+0 0  9994
2 24876  55.6552 241.7508 0040917 116.1254 244.3563  2.00562809138376
0 NAVSTAR 43 (USA 132)
1 24876U 97035A   16162.62347971 -.00000035 +00000-0 +00000-0 0  9995
2 24876 055.6552 241.7508 0040917 116.1254 244.3563 02.00562809138578
0 NAVSTAR 46 (USA 145)
1 25933U 99055A   16162.48707751 -.00000034  00000-0  00000+0 0  9992
2 25933  51.3868  93.9548 0162451  87.6270 100.9152  2.00563693122188
0 NAVSTAR 46 (USA 145)
1 25933U 99055A   16162.57669259 -.00000034 +00000-0 +00000-0 0  9993
2 25933 051.3868 093.9508 0162455 087.6288 165.6211 02.00563694122193
0 NAVSTAR 47 (USA 150)
1 26360U 00025A   16162.21995255  .00000040  00000-0  00000+0 0  9991
2 26360  53.0767 170.4038 0043427  78.3935  17.2929  2.00554312117871
0 NAVSTAR 47 (USA 150)
1 26360U 00025A   16162.84609876 +.00000046 +00000-0 +00000-0 0  9998
2 26360 053.0768 170.3777 0043424 078.4076 109.3716 02.00554283117891
0 NAVSTAR 48 (USA 151)
1 26407U 00040A   16162.36513852 -.00000088  00000-0  00000+0 0  9998
2 26407  56.6986 359.6368 0199338 267.4818 213.3546  2.00569554116569
0 NAVSTAR 48 (USA 151)
1 26407U 00040A   16162.87799494 -.00000086 +00000-0 +00000-0 0  9991
2 26407 056.6986 359.6168 0199336 267.4815 223.6714 02.00569569116570
0 NAVSTAR 49 (USA 154)
1 26605U 00071A   16162.34324185 -.00000032  00000-0  00000+0 0  9998
2 26605  55.2251 239.6344 0089479 248.0505 138.4708  2.00522797114150
0 NAVSTAR 49 (USA 154)
1 26605U 00071A   16162.75031098 -.00000034 +00000-0 +00000-0 0  9994
2 26605 055.2249 239.6182 0089497 248.0546 072.3320 02.00522789114160
0 NAVSTAR 50 (USA 156)
1 26690U 01004A   16162.38416719  .00000040  00000-0  00000+0 0  9996
2 26690  53.0037 173.3645 0174291 252.5273 270.3477  2.00561096112555
0 NAVSTAR 50 (USA 156)
1 26690U 01004A   16162.91342601 +.00000045 +00000-0 +00000-0 0  9999
2 26690 053.0037 173.3424 0174303 252.5352 292.4907 02.00561092112573
0 NAVSTAR 51 (USA 166)
1 27663U 03005A   16162.50938338 -.00000087  00000-0  00000+0 0  9992
2 27663  56.7725 359.3485 0086572  20.8604 322.5740  2.00552857 97927
0 NAVSTAR 51 (USA 166)
1 27663U 03005A   16162.96746809 -.00000086  00000-0  00000+0 0  9991
2 27663  56.7726 359.3306 0086568  20.8701 293.3042  2.00552841 97937
0 NAVSTAR 52 (USA 168)
1 27704U 03010A   16162.37839490  .00000005  00000-0  00000+0 0  9997
2 27704  53.6616 113.6698 0236080 257.8779 317.4582  2.00571457 96711
0 NAVSTAR 53 (USA 175)
1 28129U 03058A   16162.31832108  .00000039  00000-0  00000+0 0  9991
2 28129  52.8836 173.4027 0078844 251.1995 107.9671  2.00547716 91411
0 NAVSTAR 54 (USA 177)
1 28190U 04009A   16162.46298508 -.00000079  00000-0  00000+0 0  9997
2 28190  55.7867  60.6626 0106170  44.2251  58.1101  2.00570070 89597
0 NAVSTAR 54 (USA 177)
1 28190U 04009A   16162.63383935 -.00000080  00000-0  00000+0 0  9997
2 28190  55.7868  60.6557 0106167  44.2340 181.4703  2.00570074 89600
0 NAVSTAR 54 (USA 177)
1 28190U 04009A   16162.63383935 -.00000080 +00000-0 +00000-0 0  9998
2 28190 055.7868 060.6557 0106167 044.2340 181.4703 02.00570074089600
0 NAVSTAR 56 (USA 180)
1 28474U 04045A   16162.22678458  .00000004  00000-0  00000+0 0  9999
2 28474  54.0503 112.9963 0159856 239.5545 327.8322  2.00574746 85041
0 NAVSTAR 56 (USA 180)
1 28474U 04045A   16162.76902578 +.00000005 +00000-0 +00000-0 0  9993
2 28474 054.0505 112.9740 0159858 239.5637 359.3727 02.00574719085050
0 NAVSTAR 57 (USA 183)
1 28874U 05038A   16162.50576708 -.00000082  00000-0  00000+0 0  9999
2 28874  55.9522  57.8679 0111857 250.0776 268.6905  2.00560604 78443
0 NAVSTAR 57 (USA 183)
1 28874U 05038A   16162.70022584 -.00000084 +00000-0 +00000-0 0  9992
2 28874 055.9523 057.8602 0111859 250.0795 049.0952 02.00560601078454
0 NAVSTAR 58 (USA 190)
1 29486U 06042A   16162.43139139 -.00000063  00000-0  00000+0 0  9999
2 29486  55.6396 297.1441 0082403 335.9006  47.7894  2.00553690 71160
0 NAVSTAR 58 (USA 190)
1 29486U 06042A   16162.89514025 -.00000065 +00000-0 +00000-0 0  9993
2 29486 055.6392 297.1257 0082400 335.9010 022.6220 02.00553668071051
0 NAVSTAR 59 (USA 192)
1 29601U 06052A   16162.84080725 -.00000086 +00000-0 +00000-0 0  9996
2 29601 056.7435 358.2595 0059826 041.8332 318.6483 02.00559117070031
0 NAVSTAR 59 (USA 192)
1 29601U 06052A   16162.84080747 -.00000086  00000-0  00000+0 0  9999
2 29601  56.7435 358.2595 0059832  41.8431 318.6385  2.00559142 70082
0 COSMOS 2425 (GLONASS)
1 29670U 06062A   16162.62332564 -.00000039 +00000-0 +10000-3 0  9992
2 29670 065.6370 317.3745 0020958 351.2279 208.7216 02.13104919073619
0 COSMOS 2426 (GLONASS)
1 29671U 06062B   16162.08487868 -.00000040  00000-0  10000-3 0  9993
2 29671  65.6539 317.4743 0017656 158.2801 209.5526  2.13102940 73618
0 COSMOS 2426 (GLONASS)
1 29671U 06062B   16162.66043201 -.00000039 +00000-0 +10000-3 0  9994
2 29671 065.6538 317.4550 0017675 158.3471 291.0294 02.13102930073626
0 NAVSTAR 60 (USA 196)
1 32260U 07047A   16162.15852976 -.00000025  00000-0  00000+0 0  9997
2 32260  53.3257 231.8097 0080310  26.2013 334.2726  2.00571161 63454
0 COSMOS 2433 (GLONASS)
1 32275U 07052A   16162.32195392 -.00000037 +00000-0 +10000-3 0  9998
2 32275 065.3345 078.1664 0003316 292.9461 227.8218 02.13104755067129
0 COSMOS 2432 (GLONASS)
1 32276U 07052B   16162.56473237 -.00000039 +00000-0 +10000-3 0  9994
2 32276 065.3468 078.2239 0013371 337.8910 322.9563 02.13104250067125
0 NAVSTAR 61 (USA 199)
1 32384U 07062A   16162.20871897 -.00000080  00000-0  00000+0 0  9991
2 32384  56.0080  58.4374 0009977 336.0472 198.9451  2.00577197 62181
0 NAVSTAR 61 (USA 199)
1 32384U 07062A   16162.83545328 -.00000084 +00000-0 +00000-0 0  9992
2 32384 056.0084 058.4126 0009949 336.1084 291.4465 02.00577231062171
0 COSMOS 2434 (GLONASS)
1 32393U 07065A   16162.65638256 -.00000040 +00000-0 +00000-0 0  9990
2 32393 065.2554 316.6992 0005945 103.7033 205.6984 02.13102834065835
0 COSMOS 2436 (GLONASS)
1 32395U 07065C   16162.66554248 -.00000040 +00000-0 +10000-3 0  9995
2 32395 065.2678 316.7416 0016844 000.9564 047.4913 02.13102889065770
0 NAVSTAR 62 (USA 201)
1 32711U 08012A   16162.06946231 -.00000062  00000-0  00000+0 0  9990
2 32711  55.3638 296.6194 0096752 208.0681 151.4022  2.00567014 60373
0 NAVSTAR 62 (USA 201)
1 32711U 08012A   16162.56803506 -.00000064 +00000-0 +00000-0 0  9995
2 32711 055.3634 296.5994 0096760 208.0777 151.3933 02.00567022060392
0 NAVSTAR 64 (USA 206)
1 35752U 09043A   16162.37246591  .00000042  00000-0  00000+0 0  9996
2 35752  54.2264 174.5912 0045340  23.3432 219.6145  2.00547572 49956
0 COSMOS 2456 (GLONASS)
1 36111U 09070A   16162.78031179  .00000037  00000-0  00000+0 0  9999
2 36111  64.1816 196.2846 0006012 297.7382 276.2544  2.13102910 50502
0 COSMOS 2457 (GLONASS)
1 36112U 09070B   16162.42290872  .00000034  00000-0  00000+0 0  9995
2 36112  64.1637 196.2241 0006786 185.6043 244.4823  2.13101546 50501
0 COSMOS 2457 (GLONASS)
1 36112U 09070B   16162.63954630 +.00000036 +00000-0 +00000-0 0  9990
2 36112 064.1637 196.2167 0006784 185.6345 050.6488 02.13101544050503
0 COSMOS 2459 (GLONASS)
1 36400U 10007A   16162.23634490 -.00000038  00000-0  10000-3 0  9994
2 36400  65.2421  77.3212 0029846 352.4529 328.0475  2.13102375 48843
0 COSMOS 2459 (GLONASS)
1 36400U 10007A   16162.74182231 -.00000042 +00000-0 +10000-3 0  9996
2 36400 065.2424 077.3041 0029839 352.5050 355.7796 02.13102370048857
0 COSMOS 2461 (GLONASS)
1 36401U 10007B   16162.68494396 -.00000041 +00000-0 +10000-3 0  9997
2 36401 065.2354 077.2877 0006558 056.4731 158.7387 02.13102442048852
0 COSMOS 2460 (GLONASS)
1 36402U 10007C   16162.49253664 -.00000040  00000-0  10000-3 0  9997
2 36402  65.2257  77.2711 0001703 345.0081 124.4802  2.13101903 48857
0 COSMOS 2460 (GLONASS)
1 36402U 10007C   16162.63225485 -.00000041 +00000-0 +10000-3 0  9994
2 36402 065.2258 077.2664 0001700 345.2007 231.4741 02.13101899048857
0 NAVSTAR 65 (USA 213)
1 36585U 10022A   16162.37018000 -.00000087  00000-0  00000+0 0  9992
2 36585  56.0683 355.3514 0054624  42.9907 308.0936  2.00556000 44202
0 NAVSTAR 65 (USA 213)
1 36585U 10022A   16162.91677699 -.00000085 +00000-0 +00000-0 0  9996
2 36585 056.0683 355.3298 0054628 043.0093 342.7285 02.00556045044226
0 BEIDOU 5
1 36828U 10036A   16162.76773464 -.00000108  00000-0  10000-3 0  9991
2 36828  54.2300 197.1612 0049219 222.5726 233.8257  1.00292176 21530
0 COSMOS 2464 (GLONASS)
1 37139U 10041C   16162.08086756 -.00000042  00000-0  00000+0 0  9991
2 37139  64.8621 316.8913 0023159  17.3870  78.1940  2.13102620 44924
0 COSMOS 2464 (GLONASS)
1 37139U 10041C   16162.54785410 -.00000041 +00000-0 +00000-0 0  9995
2 37139 064.8619 316.8751 0023148 017.3768 076.4602 02.13102616044937
0 BEIDOU 6
1 37210U 10057A   16162.78928566 -.00000127  00000-0  00000+0 0  9993
2 37210   0.7787  42.9876 0005051 171.0513 129.6703  1.00271959 20609
0 BEIDOU 7
1 37256U 10068A   16162.49484502 -.00000238  00000-0  10000-3 0  9998
2 37256  53.5946 315.5848 0045827 204.3005  35.5439  1.00296166 20115
0 BEIDOU 7
1 37256U 10068A   16162.88656272 -.00000237 +00000-0 +10000-3 0  9995
2 37256 053.5941 315.5794 0045802 204.2526 177.0326 01.00296118020125
0 COSMOS 2471 (GLONASS)
1 37372U 11009A   16162.56488256 -.00000041 +00000-0 +00000-0 0  9999
2 37372 065.2235 077.2177 0007552 243.8607 053.7005 02.13102772041120
0 BEIDOU 8
1 37384U 11013A   16162.70222012 -.00000200  00000-0  10000-3 0  9990
2 37384  57.3686  76.8381 0023944 200.5199 355.9367  1.00264005 18996
0 BEIDOU 8
1 37384U 11013A   16162.71403462 -.00000200 +00000-0 +10000-3 0  9991
2 37384 057.3686 076.8380 0023944 200.5121 000.2092 01.00264006018996
0 NAVSTAR 66 (USA 232)
1 37753U 11036A   16162.45760207  .00000012  00000-0  00000+0 0  9995
2 37753  55.2665 115.6120 0054484  24.7880 116.4598  2.00567007 35881
0 NAVSTAR 66 (USA 232)
1 37753U 11036A   16162.95829949 +.00000012 +00000-0 +00000-0 0  9990
2 37753 055.2666 115.5920 0054506 024.8066 117.9768 02.00567021035905
0 BEIDOU 9
1 37763U 11038A   16162.76386509 -.00000055 +00000-0 +10000-3 0  9994
2 37763 054.5369 199.4694 0040455 210.4660 220.4359 01.00275985017964
0 GALILEO-PFM
1 37846U 11060A   16162.31666107 -.00000054  00000-0  00000+0 0  9991
2 37846  55.5488  82.1471 0004416 335.1320  24.8407  1.70474013 28866
0 GALILEO-PFM
1 37846U 11060A   16162.31666127 -.00000054 +00000-0 +00000-0 0  9994
2 37846 055.5488 082.1471 0004411 335.2015 024.7713 01.70474016028742
0 GALILEO-FM2
1 37847U 11060B   16162.54520463 -.00000054 +00000-0 +00000-0 0  9992
2 37847 055.5497 082.1396 0005171 315.8254 225.7133 01.70474340028752
0 COSMOS 2476 (GLONASS)
1 37867U 11064A   16162.38207730  .00000034  00000-0  00000+0 0  9995
2 37867  64.4856 196.7892 0019181 248.0944 287.6699  2.13102045 35844
0 COSMOS 2476 (GLONASS)
1 37867U 11064A   16162.69155101 +.00000036 +00000-0 +00000-0 0  9996
2 37867 064.4856 196.7787 0019188 248.0809 165.1013 02.13102043035853
0 COSMOS 2477 (GLONASS)
1 37868U 11064B   16162.06046773  .00000032  00000-0  00000+0 0  9997
2 37868  64.4948 196.8406 0017249 249.6650 218.6758  2.13101869 35790
0 COSMOS 2477 (GLONASS)
1 37868U 11064B   16162.51163737 +.00000035 +00000-0 +00000-0 0  9991
2 37868 064.4948 196.8253 0017263 249.6852 204.7776 02.13101869035808
0 COSMOS 2475 (GLONASS)
1 37869U 11064C   16162.65071079 +.00000036 +00000-0 +00000-0 0  9995
2 37869 064.5016 196.8083 0022570 273.9544 243.3208 02.13102021035813
0 BEIDOU 10
1 37948U 11073A   16162.92250637 -.00000165  00000-0  10000-3 0  9990
2 37948  53.6808 315.0333 0038827 199.5905 169.9670  1.00259309 16720
0 BEIDOU 10
1 37948U 11073A   16162.94350878 -.00000165 +00000-0 +10000-3 0  9990
2 37948 053.6808 315.0330 0038836 199.5831 177.5547 01.00259302016726
0 BEIDOU 11
1 38091U 12008A   16162.10514722  .00000041  00000-0  00000+0 0  9994
2 38091   1.6259  47.8920 0001508 178.0420 129.4132  1.00269795 15784
0 BEIDOU 11
1 38091U 12008A   16162.88006951 +.00000042 +00000-0 +00000-0 0  9991
2 38091 001.6272 047.9111 0001486 177.8270 049.3405 01.00270069015797
0 BEIDOU 12
1 38250U 12018A   16162.65863024 -.00000078 +00000-0 +10000-3 0  9990
2 38250 055.9964 066.6161 0021783 218.7037 328.2249 01.86233229028155
0 BEIDOU 13
1 38251U 12018B   16162.78015788 -.00000080  00000-0  10000-3 0  9994
2 38251  55.9332  66.0655 0024037 211.6983 104.2436  1.86234088 28158
0 BEIDOU 15
1 38775U 12050B   16162.66112444  .00000039  00000-0  00000+0 0  9993
2 38775  54.8348 185.8298 0021776 229.3738 201.6277  1.86233093 25537
0 NAVSTAR 67 (USA 239)
1 38833U 12053A   16162.74755837 -.00000067 +00000-0 +00000-0 0  9992
2 38833 054.3936 293.8758 0043361 021.1615 339.0132 02.00570319026176
0 BEIDOU 16
1 38953U 12059A   16162.10779733 -.00000153  00000-0  10000-3 0  9992
2 38953   0.8998  77.9394 0002952 338.9419 320.8476  1.00271117 13361
0 BEIDOU 16
1 38953U 12059A   16162.84682346 -.00000152 +00000-0 +10000-3 0  9995
2 38953 000.9016 077.8215 0002987 338.9781 227.7003 01.00270893013365
0 COSMOS 2485 (GLONASS)
1 39155U 13019A   16162.63363374  .00000036  00000-0  00000+0 0  9996
2 39155  64.6547 196.7301 0019596 243.4814 170.3973  2.13101987 24323
0 NAVSTAR 68 (USA 242)
1 39166U 13023A   16162.10957298 -.00000084  00000-0  00000+0 0  9993
2 39166  55.6624  55.0202 0036528  13.5168 346.6161  2.00567532 22480
0 NAVSTAR 68 (USA 242)
1 39166U 13023A   16162.60814400 -.00000086 +00000-0 +00000-0 0  9998
2 39166 055.6626 055.0003 0036537 013.5539 346.5788 02.00567544022503
0 NAVSTAR 69 (USA 248)
1 39533U 14008A   16162.10636570 -.00000065  00000-0  00000+0 0  9991
2 39533  54.5495 299.1360 0021548 179.7167 180.2771  2.00572605 16847
0 NAVSTAR 69 (USA 248)
1 39533U 14008A   16162.60492344 -.00000067 +00000-0 +00000-0 0  9998
2 39533 054.5492 299.1156 0021567 179.7490 180.2457 02.00572635016324
0 NAVSTAR 70 (USA 251)
1 39741U 14026A   16162.38633238  .00000011  00000-0  00000+0 0  9990
2 39741  55.2565 115.1317 0006367 277.8814  82.0157  2.00559676 15135
0 NAVSTAR 70 (USA 251)
1 39741U 14026A   16162.88492207  .00000011  00000-0  00000+0 0  9994
2 39741  55.2567 115.1119 0006378 277.9245  81.9739  2.00559677 15144
0 COSMOS 2500 (GLONASS)
1 40001U 14032A   16162.16001095 -.00000038  00000-0  00000+0 0  9994
2 40001  65.0548  77.2961 0004993 219.7213  87.7745  2.13103034 15479
0 COSMOS 2500 (GLONASS)
1 40001U 14032A   16162.63939380 -.00000041 +00000-0 +00000-0 0  9998
2 40001 065.0549 077.2798 0004972 219.5845 095.6777 02.13103023015486
0 NAVSTAR 71 (USA 256)
1 40105U 14045A   16162.47582526 -.00000028  00000-0  00000+0 0  9999
2 40105  54.7167 234.8278 0004125 155.3428 204.7437  2.00576054 13589
0 NAVSTAR 71 (USA 256)
1 40105U 14045A   16162.47582527 -.00000028 +00000-0 +00000-0 0  9991
2 40105 054.7167 234.8278 0004124 155.3192 204.7673 02.00576059012728
0 NAVSTAR 71 (USA 256)
1 40105U 14045A   16162.97437050 -.00000029  00000-0  00000+0 0  9996
2 40105  54.7165 234.8077 0004116 155.6296 204.4556  2.00576144 13590
0 GALILEO 5 (261)
1 40128U 14050A   16162.14449176 -.00000099  00000-0  00000+0 0  9995
2 40128  50.0798  60.1398 1593373  50.3930 322.6552  1.85518494 12377
0 GALILEO 5 (261)
1 40128U 14050A   16162.68350253 -.00000102 +00000-0 +00000-0 0  9997
2 40128 050.0801 060.1182 1593421 050.4131 322.6390 01.85518504010472
0 NAVSTAR 72 (USA 258)
1 40294U 14068A   16162.35199343  .00000043  00000-0  00000+0 0  9997
2 40294  54.9674 175.2844 0004564 264.7821  95.1934  2.00561878 11804
0 NAVSTAR 72 (USA 258)
1 40294U 14068A   16162.35199385 +.00000043 +00000-0 +00000-0 0  9994
2 40294 054.9674 175.2844 0004557 264.7826 095.1930 02.00561891011824
0 COSMOS 2501 (GLONASS)
1 40315U 14075A   16162.45576014 -.00000042  00000-0  00000+0 0  9994
2 40315  64.6274 318.3366 0016302 232.0852 103.5401  2.13101589 11880
0 COSMOS 2501 (GLONASS)
1 40315U 14075A   16162.91349657 -.00000042 +00000-0 +00000-0 0  9997
2 40315 064.6272 318.3206 0016320 232.0377 094.7456 02.13101578011893
0 NAVSTAR 73 (USA 260)
1 40534U 15013A   16162.49331980 -.00000089 +00000-0 +00000-0 0  9997
2 40534 055.0350 354.8185 0010020 358.0541 001.9621 02.00552606008440
0 NAVSTAR 73 (USA 260)
1 40534U 15013A   16162.99192950 -.00000087  00000-0  00000+0 0  9991
2 40534  55.0350 354.7983 0010015 358.0564   1.9605  2.00552578  8882
0 BD-17
1 40549U 15019A   16162.56296962 -.00000184  00000-0  00000+0 0  9992
2 40549  54.7132 338.0031 0042031 178.2298  41.0987  1.00263343  4398
0 BD-17
1 40549U 15019A   16162.56296962 -.00000184 +00000-0 +00000-0 0  9993
2 40549 054.7131 338.0031 0042029 178.2306 041.0977 01.00263340004390
0 NAVSTAR 74 (USA 262)
1 40730U 15033A   16162.14886184 -.00000085  00000-0  00000+0 0  9995
2 40730  55.1989  54.8578 0019319 295.0317  64.8027  2.00560451  6624
0 BD-18
1 40748U 15037A   16162.50222715 -.00000079 +00000-0 +00000-0 0  9996
2 40748 055.2000 066.2688 0006998 278.2288 115.8977 01.86237622005989
0 BD-19
1 40749U 15037B   16162.71006236 -.00000080 +00000-0 +00000-0 0  9990
2 40749 055.2019 066.2478 0008046 287.7158 024.6652 01.86237378005978
0 BD-20
1 40938U 15053A   16162.49468215 -.00000168  00000-0  00000+0 0  9998
2 40938  54.7071 300.8678 0043459 166.8130  64.6645  1.00289674  2675
0 BD-20
1 40938U 15053A   16162.91824750 -.00000168 +00000-0 +00000-0 0  9996
2 40938 054.7065 300.8629 0043491 166.8056 217.5988 01.00289580002683
0 NAVSTAR 75 (USA 265)
1 41019U 15062A   16162.20219747  .00000041  00000-0  00000+0 0  9991
2 41019  54.9804 175.0607 0016115 212.6560 147.2713  2.00562305  4449
0 GALILEO 12 (269)
1 41174U 15079A   16162.42815910 +.00000030 +00000-0 +00000-0 0  9998
2 41174 054.9411 202.0203 0005894 273.1613 033.5370 01.70474013002988
0 COSMOS 2514 (GLONASS)
1 41330U 16008A   16162.07915459 -.00000037  00000-0  00000+0 0  9992
2 41330  64.8556  77.5367 0008317 226.0259 198.4555  2.13103608  2640
0 COSMOS 2514 (GLONASS)
1 41330U 16008A   16162.67928520 -.00000041 +00000-0 +00000-0 0  9997
2 41330 064.8559 077.5161 0008309 225.8593 299.0244 02.13103607002657
0 BEIDOU IGSO-6
1 41434U 16021A   16162.26433211 -.00000155  00000-0  10000-3 0  9990
2 41434  55.0527  76.5062 0024232 178.5436 194.1355  1.00272884   803
0 BEIDOU IGSO-6
1 41434U 16021A   16162.85435250 -.00000155 +00000-0 +10000-3 0  9990
2 41434 055.0534 076.4996 0024238 178.4961 047.1733 01.00272775000800
0 COSMOS 2516 (GLONASS)
1 41554U 16032A   16162.78573698 -.00000041  00000-0  00000+0 0  9995
2 41554  64.8067 317.9994 0031893 230.7685 269.1691  2.13839056   268
