0 NAVSTAR 43 (USA 132)
1 24876U 97035A   20318.01655117 +.00000091 +00000-0 +00000-0 0  9991
2 24876 055.4589 178.3563 0045833 058.6667 301.8814 02.00561770170998
0 NAVSTAR 43 (USA 132)
1 24876U 97035A   20318.51513667 +.00000091 +00000-0 +00000-0 0  9999
2 24876 055.4589 178.3368 0045857 058.6681 301.8809 02.00561756171004
0 NAVSTAR 46 (USA 145)
1 25933U 99055A   20318.51197475 -.00000084 +00000-0 +00000-0 0  9996
2 25933 052.3578 023.5922 0154592 118.7893 178.7658 02.00557045154628
0 NAVSTAR 46 (USA 145)
1 25933U 99055A   20318.83880674 -.00000085 +00000-0 +00000-0 0  9992
2 25933 052.3579 023.5781 0154573 118.7950 054.7437 02.00557040154639
0 NAVSTAR 47 (USA 150)
1 26360U 00025A   20318.55636572 +.00000023 +00000-0 +00000-0 0  9992
2 26360 053.6247 102.9671 0057389 160.0949 210.5667 02.00564200150320
0 NAVSTAR 47 (USA 150)
1 26360U 00025A   20318.61826844 +.00000022 +00000-0 +00000-0 0  9991
2 26360 053.6248 102.9645 0057390 160.0999 255.2591 02.00564199150328
0 NAVSTAR 47 (USA 150)
1 26360U 00025A   20318.91474838 +.00000018 +00000-0 +00000-0 0  9991
2 26360 053.6250 102.9522 0057397 160.1157 109.3191 02.00564197150322
0 NAVSTAR 48 (USA 151)
1 26407U 00040A   20318.39044086 -.00000035 +00000-0 +00000-0 0  9990
2 26407 055.8858 296.2895 0185911 280.9487 291.3045 02.00564403148993
0 NAVSTAR 48 (USA 151)
1 26407U 00040A   20318.83859375 -.00000037 +00000-0 +00000-0 0  9996
2 26407 055.8854 296.2718 0185899 280.9579 254.8850 02.00564401149009
0 NAVSTAR 48 (USA 151)
1 26407U 00040A   20318.92484802 -.00000037 +00000-0 +00000-0 0  9995
2 26407 055.8854 296.2683 0185895 280.9595 317.1635 02.00564401149008
0 NAVSTAR 49 (USA 154)
1 26605U 00071A   20318.45911859 +.00000093 +00000-0 +00000-0 0  9995
2 26605 055.0357 175.5773 0117555 250.8636 286.0991 02.00559039146598
0 NAVSTAR 49 (USA 154)
1 26605U 00071A   20318.72723953 +.00000092 +00000-0 +00000-0 0  9990
2 26605 055.0357 175.5667 0117549 250.8597 119.6960 02.00559023146601
0 NAVSTAR 51 (USA 166)
1 27663U 03005A   20318.65235240 -.00000036 +00000-0 +00000-0 0  9993
2 27663 055.9399 296.0711 0115981 035.0690 130.1487 02.00572026130361
0 NAVSTAR 53 (USA 175)
1 28129U 03058A   20318.21046891 +.00000033 +00000-0 +00000-0 0  9999
2 28129 053.4348 105.6686 0069163 297.5266 061.7638 02.00561911123838
0 NAVSTAR 53 (USA 175)
1 28129U 03058A   20318.70904418 +.00000027 +00000-0 +00000-0 0  9994
2 28129 053.4351 105.6478 0069174 297.5316 061.7555 02.00561960123842
0 NAVSTAR 56 (USA 180)
1 28474U 04045A   20318.41017795 -.00000075 +00000-0 +00000-0 0  9999
2 28474 055.0663 046.8490 0203139 269.1660 149.9333 02.00577573117480
0 NAVSTAR 57 (USA 183)
1 28874U 05038A   20318.93432191 -.00000063 +00000-0 +00000-0 0  9991
2 28874 056.3422 354.2879 0138002 267.5674 272.8976 02.00584629110898
0 NAVSTAR 58 (USA 190)
1 29486U 06042A   20318.53807991 +.00000005 +00000-0 +00000-0 0  9992
2 29486 054.8202 232.4226 0098184 009.8710 171.3832 02.00561167103476
0 NAVSTAR 59 (USA 192)
1 29601U 06052A   20318.23524411 -.00000033 +00000-0 +00000-0 0  9994
2 29601 055.9313 295.0090 0077572 066.1366 294.6643 02.00571940102451
0 COSMOS 2425 (GLONASS)
1 29670U 06062A   20318.15632894 -.00000015 +00000-0 +00000-0 0  9997
2 29670 064.9094 262.7600 0024359 342.1373 185.2852 02.13109987108063
0 COSMOS 2425 (GLONASS)
1 29670U 06062A   20318.63678237 -.00000014 +00000-0 +00000-0 0  9990
2 29670 064.9093 262.7438 0024365 342.2012 193.8224 02.13109991108073
0 COSMOS 2426 (GLONASS)
1 29671U 06062B   20318.31547502 -.00000014 +00000-0 +00000-0 0  9996
2 29671 064.9189 262.8845 0020122 178.6055 077.6748 02.12962784108052
0 COSMOS 2426 (GLONASS)
1 29671U 06062B   20318.79224896 -.00000014 +00000-0 +00000-0 0  9996
2 29671 064.9187 262.8684 0020116 178.5913 083.2142 02.12962782108066
0 NAVSTAR 60 (USA 196)
1 32260U 07047A   20318.04729654 +.00000098 +00000-0 +00000-0 0  9999
2 32260 053.2021 164.6351 0128302 053.5897 307.6799 02.00551077095896
0 NAVSTAR 60 (USA 196)
1 32260U 07047A   20318.54590151 +.00000096 +00000-0 +00000-0 0  9990
2 32260 053.2022 164.6145 0128312 053.5997 307.6695 02.00551058095906
0 COSMOS 2433 (GLONASS)
1 32275U 07052A   20318.04676517 -.00000057 +00000-0 +00000-0 0  9996
2 32275 066.0202 023.9796 0004516 227.6450 036.8979 02.13104354101574
0 COSMOS 2433 (GLONASS)
1 32275U 07052A   20318.83614817 -.00000057 +00000-0 +00000-0 0  9998
2 32275 066.0205 023.9532 0004530 227.7390 282.3943 02.13104373101597
0 COSMOS 2432 (GLONASS)
1 32276U 07052B   20318.24378155 -.00000057 +00000-0 +00000-0 0  9996
2 32276 066.0337 024.0642 0008806 318.1161 047.3865 02.13103583101582
0 COSMOS 2432 (GLONASS)
1 32276U 07052B   20318.58498345 -.00000057 +00000-0 +00000-0 0  9997
2 32276 066.0339 024.0531 0008805 318.1200 309.1409 02.13103585101589
0 NAVSTAR 61 (USA 199)
1 32384U 07062A   20318.35218837 -.00000060 +00000-0 +00000-0 0  9993
2 32384 056.4424 355.0019 0013222 136.5712 215.1040 02.00558029094552
0 NAVSTAR 61 (USA 199)
1 32384U 07062A   20318.86201660 -.00000063 +00000-0 +00000-0 0  9998
2 32384 056.4422 354.9819 0013265 136.5841 223.2004 02.00558058094569
0 COSMOS 2434 (GLONASS)
1 32393U 07065A   20318.18630495 -.00000015 +00000-0 +00000-0 0  9995
2 32393 064.5259 261.3170 0000980 104.6767 154.7732 02.13103067100284
0 COSMOS 2434 (GLONASS)
1 32393U 07065A   20318.66000358 -.00000014 +00000-0 +00000-0 0  9996
2 32393 064.5258 261.3008 0000972 103.1322 159.7252 02.13103068100299
0 COSMOS 2436 (GLONASS)
1 32395U 07065C   20318.44847649 -.00000014 +00000-0 +00000-0 0  9996
2 32395 064.5349 261.3584 0014670 351.4823 245.2880 02.13102942100226
0 NAVSTAR 62 (USA 201)
1 32711U 08012A   20318.95703255 +.00000009 +00000-0 +00000-0 0  9994
2 32711 054.5690 231.4745 0144034 225.4524 133.4015 02.00568266092835
0 NAVSTAR 64 (USA 206)
1 35752U 09043A   20318.91507978 +.00000033 +00000-0 +00000-0 0  9994
2 35752 054.6766 108.9806 0059049 049.7650 307.5945 02.00552635082414
0 COSMOS 2456 (GLONASS)
1 36111U 09070A   20318.33493654 +.00000109 +00000-0 +00000-0 0  9999
2 36111 064.2452 140.9920 0002424 354.8370 192.0526 02.13100040084956
0 COSMOS 2457 (GLONASS)
1 36112U 09070B   20318.40568458 +.00000108 +00000-0 +00000-0 0  9992
2 36112 064.2242 140.8804 0006710 147.0883 216.7067 02.13101543084961
0 COSMOS 2457 (GLONASS)
1 36112U 09070B   20318.86419560 +.00000102 +00000-0 +00000-0 0  9995
2 36112 064.2244 140.8647 0006726 147.0224 208.5264 02.13101548084967
0 COSMOS 2459 (GLONASS)
1 36400U 10007A   20318.35743669 -.00000056 +00000-0 +00000-0 0  9990
2 36400 065.9210 022.9197 0023460 346.8600 011.9271 02.13105227083296
0 COSMOS 2459 (GLONASS)
1 36400U 10007A   20318.72089378 -.00000056 +00000-0 +00000-0 0  9991
2 36400 065.9211 022.9078 0023451 346.8694 290.7509 02.13105212083305
0 COSMOS 2461 (GLONASS)
1 36401U 10007B   20318.35743669 -.00000056 +00000-0 +00000-0 0  9991
2 36401 065.9161 022.8863 0017858 005.3432 355.7740 02.13103770083319
0 COSMOS 2461 (GLONASS)
1 36401U 10007B   20318.71856017 -.00000056 +00000-0 +00000-0 0  9993
2 36401 065.9162 022.8746 0017869 005.3307 272.8279 02.13103767083315
0 COSMOS 2460 (GLONASS)
1 36402U 10007C   20318.31517350 -.00000056 +00000-0 +00000-0 0  9994
2 36402 065.9030 022.8489 0001934 197.8746 073.6681 02.13101394083301
0 COSMOS 2460 (GLONASS)
1 36402U 10007C   20318.78921709 -.00000057 +00000-0 +00000-0 0  9993
2 36402 065.9031 022.8333 0001932 197.7121 077.4967 02.13101397083317
0 NAVSTAR 65 (USA 213)
1 36585U 10022A   20318.01785781 -.00000033 +00000-0 +00000-0 0  9990
2 36585 055.2041 290.9471 0091263 052.2252 121.4807 02.00559252076632
0 BEIDOU 5
1 36828U 10036A   20318.52752435 -.00000035 +00000-0 +00000-0 0  9993
2 36828 054.1638 181.5977 0100217 234.1139 307.0236 01.00269962037745
0 BEIDOU 5
1 36828U 10036A   20318.71984975 -.00000035 +00000-0 +00000-0 0  9990
2 36828 054.1638 181.5959 0100220 234.1147 016.4485 01.00269899037744
0 COSMOS 2464 (GLONASS)
1 37139U 10041C   20318.28088796 -.00000015 +00000-0 +00000-0 0  9998
2 37139 064.1263 260.6776 0026804 006.5679 187.9451 02.13100757079360
0 BEIDOU 7
1 37256U 10068A   20318.58824038 -.00000228 +00000-0 +00000-0 0  9993
2 37256 051.2352 296.5658 0081382 215.7513 231.5752 01.00263649036331
0 COSMOS 2471 (GLONASS)
1 37372U 11009A   20318.17223594 -.00000056 +00000-0 +00000-0 0  9992
2 37372 065.8999 022.7923 0010440 223.5881 101.3861 02.13107553075574
0 COSMOS 2471 (GLONASS)
1 37372U 11009A   20318.64395299 -.00000056 +00000-0 +00000-0 0  9996
2 37372 065.9006 022.7759 0010465 223.4707 103.3981 02.13107602075585
0 BEIDOU 9
1 37763U 11038A   20318.78777502 -.00000018 +00000-0 +00000-0 0  9996
2 37763 054.4467 184.0027 0072697 223.8489 024.2259 01.00263384034173
0 GALILEO-PFM
1 37846U 11060A   20318.53125952 -.00000082 +00000-0 +00000-0 0  9993
2 37846 056.7192 037.1937 0001479 304.2277 055.7891 01.70475113056315
0 COSMOS 2476 (GLONASS)
1 37867U 11064A   20318.21983244 +.00000112 +00000-0 +00000-0 0  9994
2 37867 064.5405 142.1238 0018345 232.1493 126.8774 02.13101923070298
0 COSMOS 2476 (GLONASS)
1 37867U 11064A   20318.74006854 +.00000105 +00000-0 +00000-0 0  9997
2 37867 064.5406 142.1061 0018345 232.1367 165.9973 02.13101922070310
0 COSMOS 2475 (GLONASS)
1 37869U 11064C   20318.56907917 +.00000108 +00000-0 +00000-0 0  9992
2 37869 064.5558 142.1729 0019259 256.8772 146.0714 02.13102101070277
0 BEIDOU 12
1 38250U 12018A   20318.64365205 -.00000078 +00000-0 +00000-0 0  9991
2 38250 056.7503 012.7430 0024168 241.7506 081.3400 01.86234414058269
0 BEIDOU 13
1 38251U 12018B   20318.87398494 -.00000079 +00000-0 +00000-0 0  9994
2 38251 056.6751 012.0975 0015226 242.8242 279.4162 01.86232704058271
0 BEIDOU 15
1 38775U 12050B   20318.28954653 +.00000092 +00000-0 +00000-0 0  9995
2 38775 055.1143 131.2745 0012572 325.8320 001.6343 01.86232385055638
0 BEIDOU 15
1 38775U 12050B   20318.40877076 +.00000090 +00000-0 +00000-0 0  9990
2 38775 055.1144 131.2704 0012567 325.8403 081.5605 01.86232381055645
0 BEIDOU 15
1 38775U 12050B   20318.86508368 +.00000083 +00000-0 +00000-0 0  9997
2 38775 055.1147 131.2551 0012549 325.8943 027.4448 01.86232383055643
0 NAVSTAR 67 (USA 239)
1 38833U 12053A   20318.13982150 +.00000009 +00000-0 +00000-0 0  9998
2 38833 053.6141 227.2106 0103398 038.9196 321.8614 02.00568184058593
0 GALILEO-FM4
1 38858U 12055B   20318.50760618 +.00000092 +00000-0 +00000-0 0  9993
2 38858 055.0018 157.6783 0000260 105.8475 254.2441 01.70473674050352
0 COSMOS 2485 (GLONASS)
1 39155U 13019A   20318.20917049 +.00000112 +00000-0 +00000-0 0  9997
2 39155 064.7090 142.4261 0018985 227.3889 168.0166 02.13102008058773
0 COSMOS 2485 (GLONASS)
1 39155U 13019A   20318.66439486 +.00000107 +00000-0 +00000-0 0  9995
2 39155 064.7099 142.4109 0018925 227.2170 157.4208 02.13101988058785
0 COSMOS 2500 (GLONASS)
1 40001U 14032A   20318.30893663 -.00000056 +00000-0 +00000-0 0  9999
2 40001 065.7318 022.5162 0008322 203.8936 163.1664 02.13102477049941
0 COSMOS 2500 (GLONASS)
1 40001U 14032A   20318.65010502 -.00000057 +00000-0 +00000-0 0  9991
2 40001 065.7332 022.5049 0008352 204.1793 064.6132 02.13102504049945
0 GALILEO 6 (262)
1 40129U 14050B   20318.42901810 -.00000084 +00000-0 +00000-0 0  9998
2 40129 050.5768 354.4741 1653726 105.0721 273.7968 01.85519935042603
0 COSMOS 2501 (GLONASS)
1 40315U 14075A   20318.38184603 -.00000015 +00000-0 +00000-0 0  9994
2 40315 063.8413 261.5659 0017475 214.4215 014.1801 02.13101409046340
0 COSMOS 2501 (GLONASS)
1 40315U 14075A   20318.85392216 -.00000014 +00000-0 +00000-0 0  9996
2 40315 063.8411 261.5492 0017489 214.4609 016.3020 02.13101418046353
0 NAVSTAR 73 (USA 260)
1 40534U 15013A   20318.37700809 -.00000037 +00000-0 +00000-0 0  9995
2 40534 054.1161 288.7297 0052250 009.3810 350.6984 02.00559332040877
0 GALILEO 7 (263)
1 40544U 15017A   20318.31238714 -.00000081 +00000-0 +00000-0 0  9994
2 40544 056.5125 037.3130 0004773 237.1495 122.8345 01.70474990034397
0 NAVSTAR 74 (USA 262)
1 40730U 15033A   20318.04260759 -.00000057 +00000-0 +00000-0 0  9996
2 40730 055.5101 350.0182 0057418 353.6738 006.3144 02.00555044039030
0 BD-18
1 40748U 15037A   20318.23427119 -.00000078 +00000-0 +00000-0 0  9998
2 40748 055.9392 011.3381 0002145 309.9472 053.2672 01.86232863036093
0 BD-19
1 40749U 15037B   20318.20268771 -.00000078 +00000-0 +00000-0 0  9993
2 40749 055.9447 011.3215 0005160 283.2106 195.8913 01.86232183036084
0 BD-20
1 40938U 15053A   20318.37921266 -.00000164 +00000-0 +00000-0 0  9990
2 40938 052.3968 282.5278 0047793 192.7985 169.8882 01.00285291018890
0 BD-20
1 40938U 15053A   20318.88155748 -.00000166 +00000-0 +00000-0 0  9992
2 40938 052.3960 282.5221 0047800 192.8061 351.2442 01.00285180018891
0 NAVSTAR 75 (USA 265)
1 41019U 15062A   20318.58788406 +.00000043 +00000-0 +00000-0 0  9996
2 41019 055.4234 110.7845 0062511 209.6466 149.9942 02.00563954036881
0 GALILEO 11 (268)
1 41175U 15079B   20318.94843779 +.00000090 +00000-0 +00000-0 0  9994
2 41175 055.0143 157.3648 0002276 356.0114 004.0730 01.70473085030562
0 NAVSTAR 76 (USA 266)
1 41328U 16007A   20318.18403768 +.00000098 +00000-0 +00000-0 0  9990
2 41328 054.8327 170.5359 0043771 221.1010 138.6640 02.00571543034932
0 COSMOS 2514 (GLONASS)
1 41330U 16008A   20318.53258404 -.00000057 +00000-0 +00000-0 0  9994
2 41330 065.5356 022.3427 0011924 212.2460 149.1201 02.13102970037112
0 BEIDOU IGSO-6
1 41434U 16021A   20318.51481391 -.00000175 +00000-0 +00000-0 0  9996
2 41434 057.2533 058.9296 0042694 205.2588 069.4731 01.00270453017007
0 BEIDOU IGSO-6
1 41434U 16021A   20318.72399666 -.00000176 +00000-0 +00000-0 0  9993
2 41434 057.2535 058.9279 0042676 205.3086 144.9336 01.00270423017001
0 GALILEO 13 (26A)
1 41550U 16030B   20318.18917282 -.00000028 +00000-0 +00000-0 0  9998
2 41550 056.1822 277.8740 0004588 285.3919 074.5254 01.70474309027852
0 BD-2-G7
1 41586U 16037A   20318.52586686 -.00000351 +00000-0 +00000-0 0  9991
2 41586 001.7984 068.0218 0008231 000.6089 284.2667 01.00277025016317
0 BD-2-G7
1 41586U 16037A   20318.59766215 -.00000351 +00000-0 +00000-0 0  9996
2 41586 001.7987 068.0233 0008233 000.6051 310.1874 01.00277000016310
0 GALILEO 15 (267)
1 41859U 16069A   20318.43491460 +.00000091 +00000-0 +00000-0 0  9994
2 41859 054.6743 157.7054 0002280 324.7018 035.3722 01.70473071024754
0 GALILEO 16 (26C)
1 41860U 16069B   20318.28836614 +.00000092 +00000-0 +00000-0 0  9994
2 41860 054.6713 157.7081 0002533 010.1260 349.9688 01.70473085024849
0 COSMOS 2522 (GLONASS)
1 42939U 17055A   20318.37607216 -.00000015 +00000-0 +00000-0 0  9998
2 42939 064.2965 261.9027 0009143 251.9577 107.0250 02.13102083024462
0 COSMOS 2522 (GLONASS)
1 42939U 17055A   20318.72432113 -.00000014 +00000-0 +00000-0 0  9998
2 42939 064.2963 261.8906 0009130 252.0107 014.1372 02.13102083024476
0 BEIDOU 3M1
1 43001U 17069A   20318.44341348 +.00000090 +00000-0 +00000-0 0  9995
2 43001 055.2687 131.1910 0007103 291.4465 295.7633 01.86231840020573
0 BEIDOU 3M2
1 43002U 17069B   20318.91534966 +.00000083 +00000-0 +00000-0 0  9990
2 43002 055.2709 131.2103 0006330 323.1255 264.1984 01.86231524020573
0 BEIDOU 3M3
1 43107U 18003A   20318.32957534 -.00000080 +00000-0 +00000-0 0  9998
2 43107 055.3780 012.5098 0003075 042.2302 318.2330 01.86232675019334
0 BEIDOU 3M3
1 43107U 18003A   20318.78110258 -.00000082 +00000-0 +00000-0 0  9994
2 43107 055.3782 012.4942 0003086 042.1819 261.0090 01.86232672019332
0 BEIDOU 3M4
1 43108U 18003B   20318.27067686 -.00000080 +00000-0 +00000-0 0  9993
2 43108 055.3729 012.5046 0004558 235.4145 130.7317 01.86232800019331
0 BEIDOU 3M4
1 43108U 18003B   20318.71123819 -.00000081 +00000-0 +00000-0 0  9994
2 43108 055.3727 012.4896 0004553 235.5093 066.0130 01.86232801019334
0 BEIDOU 3M5
1 43207U 18018A   20318.17209193 +.00000093 +00000-0 +00000-0 0  9992
2 43207 055.2292 131.3343 0004770 358.5821 001.4508 01.86231485018714
0 BEIDOU 3M5
1 43207U 18018A   20318.70903602 +.00000086 +00000-0 +00000-0 0  9999
2 43207 055.2295 131.3162 0004755 358.4654 001.5634 01.86231491018721
0 BEIDOU 3M6
1 43208U 18018B   20318.77581232 +.00000085 +00000-0 +00000-0 0  9997
2 43208 055.2290 131.3188 0005349 307.8150 052.1662 01.86231498018724
0 BEIDOU 3M7
1 43245U 18029A   20318.46304649 -.00000079 +00000-0 +00000-0 0  9995
2 43245 055.3204 010.3077 0001382 231.5317 128.5014 01.86232785017879
0 BEIDOU 3M7
1 43245U 18029A   20318.91505076 -.00000081 +00000-0 +00000-0 0  9995
2 43245 055.3205 010.2923 0001396 231.2323 071.8492 01.86232798017872
0 BEIDOU 3M8
1 43246U 18029B   20318.39622367 -.00000076 +00000-0 +14666+2 0  9999
2 43246 055.3163 010.3425 0003598 323.3579 037.8824 01.86233185017867
0 BEIDOU 3M8
1 43246U 18029B   20318.60646057 -.00000078 +00000-0 +92842+1 0  9998
2 43246 055.3163 010.3351 0003592 323.2972 178.8970 01.86233153017868
0 BEIDOU 3M8
1 43246U 18029B   20318.93180544 -.00000080 +00000-0 +56131+1 0  9992
2 43246 055.3163 010.3240 0003589 323.3701 036.9526 01.86233126017874
0 COSMOS 2527 (GLONASS)
1 43508U 18053A   20318.84257757 +.00000105 +00000-0 +00000-0 0  9992
2 43508 064.8723 142.2814 0006298 213.9921 174.8333 02.13102618018772
0 BEIDOU IGSO-7
1 43539U 18057A   20318.52700094 -.00000068 +00000-0 +00000-0 0  9991
2 43539 055.0462 180.9046 0030926 213.4693 323.4593 01.00280007008683
0 BEIDOU IGSO-7
1 43539U 18057A   20318.79254721 -.00000067 +00000-0 +00000-0 0  9990
2 43539 055.0460 180.9020 0030988 213.4346 059.3623 01.00279968008689
0 GALILEO 26 (2C2)
1 43565U 18060B   20318.38300251 -.00000081 +00000-0 +00000-0 0  9994
2 43565 056.9014 036.9766 0004519 260.8600 099.1199 01.70476074014401
0 GALILEO 26 (2C2)
1 43565U 18060B   20318.38300352 -.00000081 +00000-0 +00000-0 0  9996
2 43565 056.9015 036.9766 0004506 260.7363 099.2438 01.70476056014400
0 GALILEO 24 (2C0)
1 43567U 18060D   20318.23667816 -.00000081 +00000-0 +00000-0 0  9993
2 43567 056.9017 036.9830 0004436 255.8092 104.1723 01.70475694014367
0 BEIDOU 3M9
1 43581U 18062A   20318.33188346 -.00000021 +00000-0 +00000-0 0  9992
2 43581 054.4968 252.0172 0005478 279.0836 248.6384 01.86231932015609
0 BEIDOU 3M10
1 43582U 18062B   20318.31577597 -.00000021 +00000-0 +00000-0 0  9991
2 43582 054.4968 252.0091 0005948 337.0921 270.9252 01.86232354015603
0 BEIDOU 3M10
1 43582U 18062B   20318.85362120 -.00000019 +00000-0 +00000-0 0  9991
2 43582 054.4965 251.9906 0005947 337.1223 271.4973 01.86232351015612
0 BEIDOU 3M11
1 43602U 18067A   20318.25281334 -.00000020 +00000-0 +00000-0 0  9992
2 43602 054.5706 250.5768 0007107 348.0083 260.4603 01.86231581015099
0 BEIDOU 3M11
1 43602U 18067A   20318.79145088 -.00000017 +00000-0 +00000-0 0  9992
2 43602 054.5703 250.5582 0007116 348.0380 261.5630 01.86231584015107
0 BEIDOU 3M12
1 43603U 18067B   20318.38154509 -.00000019 +00000-0 +00000-0 0  9998
2 43603 054.5663 250.5389 0004662 333.8415 271.4411 01.86231476015110
0 BEIDOU 3M12
1 43603U 18067B   20318.92605237 -.00000016 +00000-0 +00000-0 0  9994
2 43603 054.5659 250.5202 0004663 333.9470 276.4029 01.86231474015121
0 BEIDOU 3M13
1 43622U 18072A   20318.99627067 +.00000081 +00000-0 +00000-0 0  9994
2 43622 055.1916 130.8824 0003765 287.8248 040.0451 01.86231836014638
0 BEIDOU 3M14
1 43623U 18072B   20318.28533935 +.00000091 +00000-0 +00000-0 0  9998
2 43623 055.1954 130.8975 0003001 337.8419 323.6125 01.86231864014625
0 BEIDOU 3M14
1 43623U 18072B   20318.71461559 +.00000085 +00000-0 +00000-0 0  9991
2 43623 055.1954 130.8831 0003006 338.0013 251.2633 01.86231864014635
0 BEIDOU 3M16
1 43648U 18078B   20318.12823464 -.00000079 +00000-0 +10000-3 0  9994
2 43648 055.2084 010.5362 0003324 344.6550 015.4299 01.86232470014151
0 BEIDOU 3M16
1 43648U 18078B   20318.66387433 -.00000080 +00000-0 +10000-3 0  9996
2 43648 055.2088 010.5184 0003540 341.3648 017.8387 01.86232392014156
0 BEIDOU 3G1
1 43683U 18085A   20318.96242530 -.00000275 +00000-0 +00000-0 0  9996
2 43683 001.4545 247.7340 0004944 359.9147 292.3904 01.00268508007591
0 COSMOS 2529 (GLONASS)
1 43687U 18086A   20318.31382718 -.00000015 +00000-0 +00000-0 0  9995
2 43687 064.5115 262.0621 0011796 271.4169 355.4076 02.13102118015774
0 COSMOS 2529 (GLONASS)
1 43687U 18086A   20318.78891789 -.00000014 +00000-0 +00000-0 0  9998
2 43687 064.5113 262.0459 0011794 271.5052 359.7931 02.13102120015782
0 BEIDOU 3M17
1 43706U 18093A   20318.65318367 -.00000019 +00000-0 +00000-0 0  9995
2 43706 054.5783 251.8521 0011072 272.1276 335.9752 01.86231933013505
0 BEIDOU 3M18
1 43707U 18093B   20318.51587447 -.00000020 +00000-0 +00000-0 0  9990
2 43707 054.5768 251.8454 0009908 293.3340 313.3630 01.86232191013508
0 NAVSTAR 77 (USA 289)
1 43873U 18109A   20318.25221000 +.00000096 +00000-0 +00000-0 0  9995
2 43873 055.0137 172.8309 0009518 199.9457 105.4826 02.00570279014154
0 NAVSTAR 77 (USA 289)
1 43873U 18109A   20318.83040397 +.00000094 +00000-0 +00000-0 0  9995
2 43873 055.0138 172.8080 0009533 199.8436 163.0854 02.00570309014171
0 BEIDOU 2 G8
1 44231U 19027A   20318.62997528 -.00000244 +00000-0 +00000-0 0  9996
2 44231 000.6551 303.8839 0008056 272.8329 207.8689 01.00269982005618
0 COSMOS 2534 (GLONASS)
1 44299U 19030A   20318.50396440 -.00000014 +00000-0 +00000-0 0  9992
2 44299 064.5811 261.8871 0014694 287.4037 260.2584 02.13101963011424
0 BEIDOU 3 IGSO-2
1 44337U 19035A   20318.04216120 -.00000047  00000-0  00000+0 0  9990
2 44337  55.0663 176.9493 0016778 182.0356 173.5685  1.00295170  5219
0 NAVSTAR 78 (USA 293)
1 44506U 19056A   20318.60097229 -.00000070 +00000-0 +00000-0 0  9997
2 44506 055.3406 052.2526 0011313 178.5319 278.5865 02.00559733009126
0 BEIDOU 3M24
1 44543U 19061B   20318.63088919 -.00000016 +00000-0 +16341+2 0  9999
2 44543 054.8001 251.8487 0007014 309.7887 238.3019 01.86232027007777
0 BEIDOU 3 IGSO-3
1 44709U 19073A   20318.88443626 -.00000178 +00000-0 +00000-0 0  9996
2 44709 058.1755 302.3704 0021800 197.7161 339.0245 01.00287397003982
0 BEIDOU 3 IGSO-3
1 44709U 19073A   20318.99506807 -.00000179  00000-0  00000+0 0  9999
2 44709  58.1762 302.3703 0021197 197.9518  18.7212  1.00286357  3986
0 BEIDOU 3 IGSO-3
1 44709U 19073A   20318.99506807 -.00000179 +00000-0 +00000-0 0  9990
2 44709 058.1753 302.3692 0021800 197.7285 018.9541 01.00287362003987
0 BEIDOU 3M21
1 44793U 19078A   20318.59705149 -.00000074 +00000-0 +30519+2 0  9997
2 44793 055.0594 010.6026 0005380 343.9905 016.2963 01.86232790006631
0 BEIDOU 3M22
1 44794U 19078B   20318.19540635 -.00000076 +00000-0 +14512+2 0  9998
2 44794 055.0364 010.6223 0003408 336.1038 025.4685 01.86233231006629
0 BEIDOU 3M22
1 44794U 19078B   20318.73095887 -.00000079 +00000-0 +74943+1 0  9998
2 44794 055.0364 010.6038 0003412 336.1361 024.4993 01.86233183006635
0 COSMOS 2544 (GLONASS)
1 44850U 19088A   20318.74366485 +.00000106 +00000-0 +00000-0 0  9991
2 44850 064.8571 142.1504 0009292 260.1161 096.7695 02.13102352007200
0 BEIDOU 3M19
1 44864U 19090A   20318.24070350 +.00000092 +00000-0 +00000-0 0  9991
2 44864 055.1269 131.1499 0013348 260.5562 326.0408 01.86231944006208
0 BEIDOU 3M20
1 44865U 19090B   20318.84773381 +.00000084 +00000-0 +00000-0 0  9993
2 44865 055.1303 131.1598 0012112 279.7452 083.7709 01.86231914006204
0 BEIDOU 3 G2
1 45344U 20017A   20318.49689808 -.00000143 +00000-0 +00000-0 0  9995
2 45344 002.7347 331.1773 0001193 243.7825 097.0283 01.00272529002789
0 BEIDOU 3 G2
1 45344U 20017A   20318.59155562 -.00000143 +00000-0 +00000-0 0  9991
2 45344 002.7345 331.1834 0001194 243.5735 131.4014 01.00272521002792
0 COSMOS 2545 (GLONASS)
1 45358U 20018A   20318.47021564 -.00000059 +00000-0 +00000-0 0  9994
2 45358 064.8643 023.4333 0010435 241.9990 115.4017 02.13102804005143
0 COSMOS 2545 (GLONASS)
1 45358U 20018A   20318.85197998 -.00000059 +00000-0 +00000-0 0  9991
2 45358 064.8643 023.4200 0010429 242.0311 048.2463 02.13102811005155
0 BEIDOU 3 G3
1 45807U 20040A   20318.43860959 -.00000354 +00000-0 +00000-0 0  9991
2 45807 002.7838 298.5760 0008349 003.3666 019.4736 01.00276457001608
0 BEIDOU 3 G3
1 45807U 20040A   20318.77121854 -.00000354 +00000-0 +00000-0 0  9992
2 45807 002.7829 298.5745 0008336 003.4045 139.5096 01.00276271001606
0 NAVSTAR 79 (USA 304)
1 45854U 20041A   20318.55121233 +.00000040 +00000-0 +00000-0 0  9993
2 45854 055.1279 109.4983 0008838 124.1190 235.9666 02.00569160003083
